x-Linear
b= -0.029976  0.073506  0.211979  
MSE: 0.0024
RMSE: 0.0487
MAE: 0.0377
R2: 0.1142
MAPE : 521653407421743778251145216.0000  %
SMAPE : 136.4749  %
