y-Linear
b= -0.017737  0.038909  0.504227  
MSE: 0.0056
RMSE: 0.0751
MAE: 0.0512
R2: 0.1095
MAPE : 401280198197983801113575424.0000  %
SMAPE : 130.9277  %
